([1], [0, 1, 2], [1], 933)
([9], [0, 1, 2, 3], [1], 744)
([8], [4, 5, 6], [1], 861)
([5], [5, 6, 7, 8], [1], 479)
([2, 3, 4], [8], [1], 491)
([8], [0], [1, 2, 3], 470)
([6, 7], [1], [1], 35)
([5], [2, 3, 4], [1], 1114)
([0, 1, 2], [3], [1], 203)
([8], [3], [1, 2, 3], 1021)
([9], [4, 5], [1], 910)
([2, 3, 4], [5], [1], 1137)
([5], [5, 6], [2], 926)
([1], [7, 8, 9], [1], 13)
([6], [7, 8, 9], [1], 1171)
([0], [9], [1], 305)
([3], [9], [1, 2, 3], 1210)
([2], [0, 1, 2], [1], 585)
([5], [0, 1, 2], [2], 161)
([7], [0, 1, 2], [2], 754)
([1], [1, 2], [2], 1150)
([0], [4, 5, 6], [1], 1060)
([2], [4], [1, 2, 3], 64)
([6], [5], [1, 2], 343)
([1, 2], [7], [2], 747)
([2, 3], [0], [2], 441)
([6], [0, 1], [2], 471)
([5, 6], [3], [2], 977)
([6, 7, 8], [7], [2], 104)
([2, 3, 4], [8], [2], 738)
([6], [0, 1, 2], [3], 1161)
([0, 1, 2, 3], [1], [3], 316)
([1], [3, 4], [2], 255)
([0], [4, 5, 6, 7], [2], 879)
([9], [5, 6, 7, 8], [2], 28)
([4, 5], [1], [3], 653)
([6], [4, 5, 6], [3], 163)
([8], [4, 5, 6, 7], [3], 856)
([1], [6, 7, 8], [3], 126)
([2], [8, 9], [3], 357)
([3, 4], [9], [4], 201)
([3], [1], [4, 5, 6, 7], 195)
([4, 5, 6], [3], [3], 426)
([0], [4, 5, 6, 7], [3], 775)
([4, 5, 6], [7], [3], 994)
([8], [7, 8, 9], [4], 840)
([4], [0, 1, 2], [4], 984)
([2, 3, 4, 5], [4], [4], 425)
([6, 7, 8, 9], [5], [4], 518)
([0], [6, 7, 8], [4], 778)
([1, 2, 3, 4], [3], [4], 1102)
([4, 5, 6], [7], [4], 819)
([7, 8], [9], [5], 356)
([3, 4, 5], [0], [5], 252)
([0], [4, 5, 6], [5], 519)
([8], [4, 5, 6], [5], 826)
([0, 1, 2, 3], [7], [5], 575)
([5, 6], [7], [5], 749)
([8], [9], [6], 205)
([5], [0, 1], [6], 162)
([1, 2, 3], [1], [8], 1155)
([1], [5, 6, 7, 8, 9], [6], 761)
([4], [5, 6, 7], [5], 572)
([6], [7, 8, 9], [6], 805)
([5], [0, 1], [7], 171)
([3], [2, 3], [5], 182)
([0, 1, 2], [4], [6], 602)
([5, 6, 7, 8], [4], [6], 892)
([5], [5, 6, 7, 8], [6], 1196)
([3, 4], [1], [9], 486)
([0, 1, 2, 3], [2], [6], 1096)
([3, 4, 5], [4], [7], 319)
([0], [5, 6, 7], [6], 776)
([6, 7, 8], [5], [6], 100)
([3], [7, 8, 9], [6], 655)
([6], [7], [7, 8, 9], 372)
([0], [2], [7, 8, 9], 566)
([1], [5, 6, 7], [7], 1109)
([0], [6, 7], [7], 1202)
([2, 3, 4], [7], [7], 1087)
([6, 7, 8, 9], [8], [7], 521)
([0, 1], [9], [7], 720)
([1], [0, 1, 2], [9], 169)
([8], [4, 5, 6], [7], 955)
([3], [5, 6, 7], [8], 86)
([1, 2], [6], [8], 1184)
([7], [6, 7, 8], [8], 1208)
([3, 4, 5, 6], [9], [7], 437)
([1], [2], [10, 11, 12, 13], 1110)
([5], [4, 5, 6], [8], 1124)
([7, 8], [4], [8], 36)
([1], [5, 6, 7], [9], 959)
([0, 1, 2], [1], [10], 833)
([3], [6, 7, 8], [9], 691)
([0, 1, 2], [9], [8], 85)
([0, 1, 2], [0], [10], 1118)
([0], [1], [11, 12], 379)
([3], [5, 6, 7], [10], 723)
([5], [5, 6, 7, 8], [9], 1073)
([7, 8, 9], [5], [8], 260)
([8, 9], [6], [8], 633)
([1], [9], [9, 10, 11], 554)
([2], [9], [9, 10, 11, 12], 625)
([4, 5, 6], [9], [8], 469)
([3, 4, 5, 6], [4], [9], 803)
([0, 1], [5], [10], 1020)
([0], [7, 8, 9], [9], 326)
([2, 3, 4, 5], [0], [11], 709)
([3], [4], [10, 11, 12], 187)
([6, 7], [5], [9], 362)
([1, 2, 3], [6], [11], 830)
([4, 5, 6, 7], [8], [10], 355)
([7, 8, 9], [6], [9], 146)
([0], [0, 1], [13], 811)
([4], [2, 3, 4], [10], 136)
([0], [6, 7], [10], 166)
([9], [6, 7, 8], [10], 384)
([2], [0], [12, 13], 160)
([5], [7, 8], [11], 257)
([3, 4], [8], [11], 997)
([7, 8], [8], [11], 22)
([9], [8, 9], [11], 24)
([8], [5, 6, 7], [10], 1064)
([0, 1], [6], [12], 873)
([9], [3, 4, 5, 6], [11], 1055)
([4, 5, 6], [4], [11], 250)
([0], [7, 8, 9], [11], 639)
([8, 9], [8], [12], 418)
([9], [9], [12, 13, 14], 1177)
([9], [1, 2, 3], [12], 311)
([5], [4, 5], [12], 586)
([3], [7, 8, 9], [12], 537)
([2, 3], [0], [14], 898)
([4], [3, 4, 5, 6], [12], 26)
([3], [7], [13, 14, 15, 16], 1151)
([8, 9], [7], [11], 1033)
([1, 2, 3], [8], [13], 487)
([1, 2], [0], [15], 1059)
([4, 5, 6], [4], [13], 338)
([9], [4, 5, 6, 7], [12], 245)
([4, 5, 6], [6], [13], 143)
([9], [2], [13, 14, 15], 216)
([5, 6, 7], [4], [14], 526)
([3, 4, 5], [5], [13], 785)
([5, 6, 7], [6], [14], 1199)
([7], [2, 3, 4, 5], [15], 367)
([3, 4, 5], [3], [13], 953)
([1, 2, 3], [8], [14], 921)
([5], [5, 6, 7], [15], 199)
([5], [2, 3], [14], 1092)
([7], [2, 3, 4], [16], 740)
([1, 2, 3, 4], [3], [14], 188)
([6], [3, 4, 5], [15], 92)
([3, 4, 5], [4], [15], 1086)
([1, 2, 3], [5], [14], 947)
([5], [5], [16], 1205)
([2], [1, 2, 3], [15], 266)
([7], [1, 2], [17], 858)
([5], [2, 3], [15], 880)
([1, 2, 3], [5], [15], 903)
([7], [5, 6, 7, 8], [16], 183)
([6], [1, 2, 3, 4], [16], 1084)
([2, 3, 4], [4], [16], 557)
([0, 1, 2], [5], [16], 57)
([2], [2, 3], [16], 1172)
([7], [2], [18, 19], 99)
([1], [5], [17], 582)
([2], [1], [16, 17, 18], 43)
([3], [1, 2, 3, 4], [17], 1009)
([7], [6, 7, 8, 9], [17], 990)
([6], [0, 1, 2, 3], [17], 1095)
([3, 4], [2], [18], 966)
([0, 1, 2, 3], [3], [18], 280)
([4, 5, 6, 7], [9], [18], 451)
([3], [0, 1], [18], 281)
([1], [1, 2, 3], [19], 920)
([7], [2], [20, 21], 552)
([3], [3, 4, 5], [19], 334)
([4], [7, 8, 9], [19], 480)
([5, 6, 7], [8], [18], 971)
([7, 8, 9], [9], [19], 444)
([6], [0, 1, 2], [18], 49)
([3], [5, 6, 7], [20], 853)
([0, 1], [1], [20], 380)
([3, 4], [2], [19], 342)
([7, 8], [2], [22], 331)
([7], [4, 5, 6, 7, 8], [19], 689)
([1, 2, 3], [6], [21], 504)
([4, 5, 6], [8], [20], 773)
([5, 6, 7], [1], [19], 1098)
([0, 1, 2], [3], [20], 52)
([7], [6, 7, 8], [20], 51)
([6], [7, 8, 9], [21], 148)
([9], [7, 8, 9], [20], 706)
([4, 5, 6, 7], [0], [19], 743)
([0], [1], [21, 22, 23, 24], 683)
([0], [2, 3, 4], [21], 1175)
([3], [4, 5], [21], 864)
([7], [7], [21, 22], 1197)
([5, 6, 7, 8], [8], [22], 348)
([6], [9], [22, 23, 24], 759)
([6], [0, 1], [20], 909)
([7], [1], [20, 21, 22], 144)
([1, 2, 3], [2], [20], 676)
([4, 5, 6, 7], [4], [20], 1014)
([4], [6, 7, 8], [21], 452)
([5, 6, 7, 8], [6], [21], 50)
([7, 8, 9], [0], [20], 2)
([0], [2, 3, 4], [22], 192)
([2, 3, 4, 5, 6], [2], [21], 191)
([5, 6, 7, 8], [4], [21], 718)
([4], [5, 6, 7, 8], [22], 917)
([4, 5, 6, 7], [0], [21], 6)
([9], [0, 1], [21], 1181)
([1], [1, 2, 3], [21], 621)
([6, 7, 8, 9], [4], [22], 762)
([3, 4, 5], [7], [23], 383)
([1, 2, 3, 4], [2], [22], 777)
([5], [3, 4], [22], 987)
([4], [4, 5, 6], [23], 1121)
([6], [5, 6, 7], [22], 366)
([4, 5, 6], [9], [25], 563)
([4, 5, 6], [3], [23], 41)
([9], [3, 4], [23], 113)
([1, 2, 3, 4], [4], [24], 857)
([1, 2, 3, 4], [8], [23], 731)
([4], [0, 1], [22], 129)
([9], [0], [22, 23, 24, 25], 845)
([3, 4, 5, 6], [3], [24], 345)
([3], [8, 9], [24], 262)
([3], [1, 2, 3], [25], 1147)
([6], [4, 5, 6, 7, 8], [23], 710)
([2, 3, 4], [5], [24], 423)
([5, 6, 7], [9], [26], 1099)
([5], [1, 2, 3], [25], 1041)
([0, 1, 2, 3], [8], [25], 494)
([5], [8, 9], [27], 1042)
([5], [0, 1], [26], 333)
([4], [1, 2, 3], [25], 1093)
([6, 7, 8], [3], [25], 454)
([5, 6, 7, 8], [5], [24], 307)
([1], [6, 7, 8], [26], 666)
([3], [7, 8, 9], [26], 321)
([6, 7], [8], [24], 995)
([5], [2, 3], [26], 1077)
([3], [3], [26, 27, 28, 29], 1163)
([6, 7], [4], [24], 866)
([0], [5, 6, 7, 8], [26], 378)
([7, 8], [5], [25], 622)
([4, 5, 6, 7], [6], [24], 1091)
([5], [2, 3, 4], [27], 652)
([0], [3, 4, 5], [27], 1082)
([7, 8], [4], [25], 698)
([7], [5, 6], [26], 1030)
([3, 4, 5, 6], [7], [27], 42)
([0, 1], [8], [27], 401)
([2, 3, 4, 5], [1], [27], 894)
([7], [3], [26, 27, 28, 29], 1170)
([6], [4], [25, 26, 27], 325)
([7, 8, 9], [4], [26], 19)
([1], [5, 6, 7, 8, 9], [28], 364)
([0, 1, 2], [4], [28], 230)
([3], [4, 5, 6, 7], [28], 1019)
([5, 6], [2], [28], 1061)
([9], [3, 4, 5], [27], 177)
([0], [5, 6, 7], [28], 788)
([6, 7, 8], [6], [27], 1025)
([1, 2], [8], [29], 217)
([6], [0, 1, 2], [29], 495)
([5], [1], [28], 825)
([3, 4], [6], [29], 1143)
([7], [6, 7, 8], [28], 45)
([3], [7, 8, 9], [29], 1176)
([6, 7], [0], [30], 500)
([5], [1], [29, 30, 31], 475)
([0], [2, 3, 4], [29], 243)
([1], [2, 3, 4], [29], 377)
([7], [3, 4], [30], 863)
([1, 2, 3, 4], [5], [29], 23)
([6], [5, 6], [28], 96)
([0], [6, 7], [29], 579)
([5, 6, 7], [0], [31], 415)
([7], [1, 2, 3], [31], 95)
([1], [2], [30, 31, 32, 33], 868)
([1], [3], [30, 31, 32, 33], 783)
([8], [3, 4, 5, 6], [28], 941)
([0], [1, 2, 3, 4], [30], 390)
([3], [6, 7, 8], [30], 944)
([0, 1, 2, 3], [9], [30], 567)
([2, 3, 4, 5], [1], [32], 560)
([7, 8, 9], [2], [32], 181)
([8], [3], [29, 30, 31, 32], 484)
([1], [4, 5, 6, 7], [30], 838)
([2], [5, 6], [30], 543)
([4, 5, 6], [5], [30], 665)
([7], [1], [32, 33, 34, 35], 420)
([0], [4, 5, 6, 7], [31], 686)
([2], [6, 7, 8, 9], [31], 375)
([3, 4, 5], [1], [33], 587)
([1, 2, 3, 4], [2], [34], 1111)
([4], [5, 6, 7, 8], [31], 828)
([1], [6, 7], [31], 261)
([4], [0, 1], [34], 149)
([2], [1], [33, 34, 35], 189)
([1, 2, 3], [2], [35], 578)
([4], [2, 3, 4], [35], 678)
([8, 9], [2], [33], 318)
([6], [3, 4, 5, 6, 7], [31], 756)
([3, 4], [5], [32], 308)
([0], [7, 8], [32], 935)
([0, 1, 2], [9], [32], 132)
([4], [6], [32, 33], 156)
([6, 7, 8, 9], [6], [32], 629)
([9], [1, 2, 3, 4], [34], 1218)
([0, 1, 2, 3], [9], [33], 31)
([3, 4, 5], [0], [35], 127)
([7, 8], [1], [36], 516)
([1], [2], [36, 37, 38, 39], 498)
([3], [2, 3, 4], [36], 112)
([6], [2, 3], [32], 646)
([8], [6], [33, 34, 35], 178)
([5, 6, 7], [7], [32], 58)
([1], [9], [34, 35], 906)
([9], [3], [35, 36], 314)
([2], [6, 7, 8, 9], [34], 138)
([3, 4, 5], [6], [34], 1097)
([6], [3], [33, 34, 35], 692)
([6], [4, 5, 6, 7], [33], 1052)
([7], [5, 6, 7, 8], [33], 1136)
([3, 4, 5, 6], [0], [36], 796)
([8], [0, 1, 2], [37], 460)
([7], [7, 8, 9], [34], 886)
([1], [8, 9], [36], 1063)
([8], [0, 1, 2], [38], 1026)
([1], [0, 1, 2], [40], 206)
([4, 5, 6, 7], [4], [36], 118)
([3, 4, 5, 6], [5], [34], 323)
([6], [6, 7, 8, 9], [34], 108)
([7, 8], [7], [35], 998)
([1, 2, 3, 4], [5], [35], 1068)
([6, 7], [4], [37], 1106)
([5, 6], [5], [35], 313)
([5, 6, 7], [8], [35], 1212)
([1], [0, 1], [41], 569)
([2], [3, 4, 5, 6], [36], 757)
([1], [5, 6, 7], [36], 616)
([6, 7, 8], [9], [35], 463)
([4], [2, 3, 4, 5], [37], 3)
([0, 1, 2], [4], [37], 1214)
([2], [5], [37, 38], 790)
([3], [5, 6, 7], [36], 497)
([6], [7, 8, 9], [36], 1195)
([8], [7, 8, 9], [36], 736)
([5], [8, 9], [36], 661)
([2, 3], [3], [37], 153)
([7], [4, 5], [38], 209)
([3], [6, 7, 8], [37], 388)
([2], [6, 7, 8, 9], [37], 982)
([5], [7, 8], [37], 374)
([7], [2, 3, 4], [39], 962)
([2], [3, 4], [38], 151)
([0], [4, 5, 6, 7], [38], 457)
([4, 5, 6], [8], [38], 407)
([7], [3, 4, 5], [40], 310)
([2], [7, 8, 9], [38], 813)
([5, 6, 7, 8], [8], [39], 1119)
([2], [5, 6, 7], [39], 728)
([5], [5, 6, 7, 8], [40], 276)
([0], [6, 7], [39], 1027)
([7], [7, 8, 9], [40], 890)
([8, 9], [8], [40], 577)
([0, 1, 2, 3, 4], [9], [39], 869)
([0], [2, 3, 4], [39], 1046)
([2], [2, 3], [39], 474)
([5, 6, 7], [2], [40], 391)
([1], [6, 7, 8, 9], [40], 915)
([0], [0, 1, 2], [40], 482)
([6], [1, 2, 3], [41], 445)
([7], [3, 4, 5], [41], 878)
([5], [6, 7], [41], 593)
([7, 8, 9], [7], [41], 645)
([4, 5, 6], [8], [41], 448)
([6], [3, 4, 5], [42], 717)
([1, 2], [7], [41], 152)
([9], [8, 9], [41], 297)
([6, 7], [9], [41], 643)
([2], [1, 2], [40], 327)
([5, 6], [1], [42], 406)
([1, 2, 3], [3], [40], 950)
([1], [7, 8, 9], [42], 332)
([0], [2], [41, 42], 792)
([2], [2], [41, 42], 701)
([5, 6, 7], [2], [42], 1116)
([2], [3, 4, 5, 6], [41], 324)
([7, 8], [4], [42], 547)
([0, 1], [8], [43], 164)
([6], [4], [43, 44, 45], 284)
([7], [1, 2], [43], 758)
([0], [2], [43, 44, 45], 574)
([5], [1, 2, 3, 4], [43], 1024)
([1, 2, 3], [4], [42], 350)
([0], [7, 8], [44], 419)
([2, 3, 4], [4], [43], 912)
([0], [6, 7, 8], [45], 1207)
([3, 4, 5], [1], [44], 806)
([3], [3, 4, 5, 6], [44], 211)
([6], [3, 4, 5, 6], [46], 506)
([2], [4, 5], [44], 627)
([0], [6, 7, 8], [46], 72)
([5], [1], [45, 46, 47, 48, 49], 789)
([1], [3, 4, 5], [43], 109)
([3], [4], [45, 46, 47, 48], 764)
([0], [0, 1, 2, 3, 4], [46], 534)
([4], [2, 3, 4], [44], 253)
([1], [3, 4, 5, 6], [44], 464)
([6], [1, 2, 3], [47], 417)
([3], [5, 6, 7, 8, 9], [45], 604)
([6], [5, 6, 7, 8], [47], 1190)
([1], [6, 7, 8], [45], 405)
([0], [4, 5], [47], 590)
([4, 5, 6], [6], [48], 174)
([0, 1, 2], [0], [47], 328)
([0], [1, 2, 3], [47], 1049)
([6, 7, 8], [5], [48], 1131)
([4, 5, 6], [6], [49], 581)
([3, 4, 5], [7], [46], 287)
([2, 3], [8], [46], 1104)
([6], [1, 2, 3], [48], 335)
([2], [7, 8, 9], [47], 794)
([6, 7, 8, 9], [7], [48], 434)
([1], [0, 1, 2, 3], [48], 605)
([2], [7], [48, 49], 271)
([2, 3, 4, 5], [8], [48], 1141)
([0, 1, 2], [0], [49], 84)
([5, 6, 7, 8], [2], [49], 651)
([0], [3, 4, 5], [48], 103)
([5], [3, 4, 5, 6], [50], 196)
([6], [3, 4, 5], [49], 703)
([9], [6, 7, 8, 9], [49], 1168)
([5, 6], [1], [50], 462)
([1], [2, 3, 4, 5], [49], 599)
([2, 3, 4, 5], [4], [51], 791)
([2], [5, 6, 7], [50], 588)
([5, 6, 7], [5], [51], 248)
([9], [5, 6, 7, 8], [50], 429)
([5], [7, 8, 9], [49], 1194)
([7, 8], [7], [49], 21)
([0], [0, 1, 2, 3], [50], 320)
([5], [5, 6], [52], 513)
([3], [6, 7, 8], [49], 267)
([9], [7, 8, 9], [51], 630)
([5, 6], [9], [50], 222)
([1], [4, 5, 6], [50], 641)
([4, 5, 6], [4], [52], 337)
([5, 6, 7, 8], [5], [53], 938)
([2], [6, 7, 8], [51], 529)
([5], [4, 5, 6], [54], 465)
([6, 7, 8, 9], [4], [53], 919)
([3], [7], [50, 51, 52], 236)
([7], [7, 8, 9], [50], 1134)
([9], [7, 8, 9], [52], 812)
([0, 1], [0], [51], 739)
([1], [4, 5], [51], 510)
([6], [6, 7, 8, 9], [51], 580)
([9], [2, 3, 4], [54], 870)
([5], [5, 6, 7, 8], [55], 795)
([9], [2], [55], 508)
([6, 7, 8], [4], [54], 888)
([7], [7], [51, 52, 53], 1123)
([6], [6, 7, 8], [52], 61)
([4, 5, 6], [9], [52], 1113)
([8], [3, 4, 5], [55], 54)
([3], [5, 6, 7, 8], [53], 263)
([5, 6], [5], [56], 1011)
([9], [2, 3, 4], [56], 351)
([6], [5, 6, 7], [57], 1044)
([4, 5], [9], [53], 816)
([9], [3, 4], [57], 820)
([3], [4, 5, 6], [54], 1206)
([7], [7, 8, 9], [54], 865)
([3, 4], [8], [54], 745)
([6, 7, 8], [3], [56], 1174)
([8], [4, 5], [56], 737)
([4, 5], [5], [57], 142)
([6], [0, 1, 2, 3], [57], 269)
([3], [2, 3, 4], [55], 232)
([3, 4], [8], [55], 1132)
([5], [9], [54], 44)
([7, 8, 9], [9], [55], 535)
([3], [2, 3], [56], 25)
([2, 3, 4], [4], [56], 918)
([8], [4, 5, 6], [57], 298)
([1, 2, 3], [8], [56], 932)
([6, 7], [9], [56], 946)
([2, 3, 4], [3], [57], 1079)
([8], [2, 3, 4], [58], 768)
([4, 5], [3], [58], 124)
([2], [4], [57, 58, 59, 60], 38)
([3], [4, 5], [57], 1140)
([7, 8], [5], [58], 797)
([0, 1, 2], [8], [57], 496)
([7, 8, 9], [9], [57], 1070)
([8], [0, 1, 2, 3], [59], 213)
([3, 4, 5], [2], [57], 87)
([8], [6, 7, 8], [58], 1012)
([3, 4, 5, 6], [8], [57], 887)
([8], [4, 5], [59], 247)
([0], [6, 7, 8], [58], 681)
([2], [6, 7, 8], [58], 859)
([4], [6, 7, 8], [58], 238)
([4], [1, 2], [58], 202)
([3, 4, 5], [3], [59], 993)
([7], [4, 5, 6], [59], 742)
([9], [9], [58, 59, 60], 65)
([1, 2, 3], [3], [60], 786)
([8], [6, 7, 8], [59], 438)
([4], [3, 4, 5, 6], [60], 711)
([2], [6, 7], [59], 693)
([4], [2], [59], 107)
([5], [3, 4, 5], [60], 368)
([7], [3, 4, 5], [60], 416)
([8], [6], [60, 61, 62], 240)
([2, 3, 4], [7], [60], 1074)
([2, 3, 4], [3], [61], 309)
([4], [5, 6], [61], 734)
([0, 1, 2], [7], [61], 908)
([4], [7], [61], 591)
([6, 7, 8], [8], [60], 427)
([7], [1, 2, 3], [61], 877)
([5], [4, 5, 6], [61], 937)
([0, 1, 2], [6], [60], 626)
([4], [1, 2], [60], 976)
([2], [3, 4, 5], [62], 668)
([6, 7, 8], [4], [61], 715)
([2], [6], [61, 62, 63], 824)
([3, 4, 5, 6], [8], [61], 9)
([6, 7, 8], [4], [62], 71)
([8], [5, 6], [63], 654)
([5, 6, 7], [6], [62], 1139)
([0], [7, 8, 9], [62], 724)
([7], [1, 2, 3], [62], 1029)
([8], [2, 3, 4], [63], 925)
([1, 2, 3, 4], [5], [63], 395)
([4], [7, 8], [62], 186)
([7, 8, 9], [2], [64], 872)
([2, 3, 4], [3], [63], 1065)
([0, 1, 2], [4], [63], 246)
([5, 6, 7], [4], [63], 63)
([2, 3], [5], [64], 618)
([1, 2, 3], [6], [64], 18)
([4], [0, 1, 2, 3], [64], 1001)
([5, 6, 7, 8, 9], [1], [63], 1149)
([7, 8, 9], [4], [64], 793)
([7, 8, 9], [1], [64], 370)
([2], [3], [64, 65], 133)
([5], [4, 5, 6, 7], [64], 832)
([3, 4], [8], [63], 814)
([0, 1, 2], [5], [65], 59)
([5, 6, 7], [5], [65], 455)
([5, 6], [6], [65], 700)
([4, 5], [0], [65], 719)
([4, 5, 6, 7], [2], [65], 30)
([1, 2, 3], [3], [66], 1069)
([4], [3, 4, 5], [65], 760)
([9], [3, 4], [65], 150)
([0], [4, 5, 6], [66], 130)
([3], [8], [64, 65, 66], 708)
([2], [0, 1, 2, 3], [67], 849)
([3], [1, 2, 3], [67], 649)
([0], [2, 3, 4], [67], 1180)
([1], [5, 6, 7, 8], [66], 561)
([7, 8, 9], [5], [66], 882)
([0, 1, 2], [0], [68], 1018)
([3, 4, 5], [0], [66], 780)
([0], [1, 2, 3], [68], 973)
([7, 8, 9], [2], [66], 1057)
([6], [4, 5, 6], [66], 836)
([5], [5, 6, 7], [66], 527)
([1], [6], [67, 68, 69, 70], 644)
([7], [5, 6, 7, 8], [67], 623)
([1, 2, 3], [7], [67], 647)
([8], [2, 3, 4], [67], 945)
([5], [5, 6, 7], [67], 558)
([2], [0, 1, 2, 3], [69], 592)
([9], [2], [67], 193)
([6, 7, 8], [5], [68], 999)
([5, 6, 7], [6], [68], 165)
([5, 6, 7], [7], [68], 1193)
([5, 6, 7], [8], [68], 751)
([1, 2, 3], [1], [70], 1169)
([2], [6, 7, 8, 9], [68], 771)
([7], [6, 7, 8, 9], [69], 179)
([4, 5], [5], [68], 763)
([1], [6, 7, 8, 9], [71], 134)
([9], [0, 1, 2], [68], 669)
([1, 2, 3], [2], [70], 1043)
([1, 2], [3], [70], 373)
([6], [4, 5, 6], [69], 403)
([7], [4, 5, 6, 7], [70], 885)
([8, 9], [5], [69], 568)
([2, 3, 4, 5], [7], [69], 911)
([2, 3], [9], [69], 956)
([5], [4, 5, 6], [69], 258)
([3], [1, 2, 3], [71], 613)
([4], [3, 4, 5, 6], [69], 960)
([2], [6, 7, 8], [70], 412)
([3, 4, 5, 6], [9], [70], 224)
([9], [1, 2, 3], [69], 349)
([7], [3, 4, 5], [71], 1071)
([4, 5], [7], [70], 850)
([5], [9], [71, 72, 73, 74], 1216)
([2, 3, 4, 5, 6], [1], [72], 1126)
([1, 2, 3], [2], [72], 1085)
([5], [2, 3, 4], [70], 770)
([4, 5], [1], [73], 176)
([6], [1, 2, 3], [73], 1198)
([9], [0, 1], [70], 197)
([3], [2, 3, 4, 5], [73], 1122)
([5], [2, 3, 4], [71], 347)
([7, 8, 9], [2], [70], 996)
([8], [0, 1, 2, 3], [71], 992)
([2], [1, 2, 3], [73], 214)
([6], [2, 3, 4, 5], [74], 116)
([1, 2, 3], [1], [74], 442)
([3], [2], [74, 75, 76, 77], 584)
([1], [0, 1, 2], [75], 835)
([5], [3, 4, 5], [72], 929)
([3, 4, 5], [9], [75], 1213)
([8], [1, 2, 3], [72], 159)
([2], [2, 3, 4], [74], 1010)
([2, 3, 4, 5], [1], [75], 234)
([2], [2], [75], 978)
([2], [4, 5, 6], [75], 168)
([5], [3], [73, 74, 75, 76], 1053)
([3, 4, 5], [4], [74], 721)
([0, 1, 2], [5], [76], 714)
([5], [5, 6, 7], [73], 467)
([0, 1, 2], [6], [76], 1125)
([0, 1, 2], [4], [76], 228)
([1, 2], [5], [77], 981)
([3, 4, 5, 6], [6], [74], 387)
([5], [7, 8], [74], 688)
([5, 6], [5], [75], 69)
([1], [3, 4, 5], [78], 190)
([3], [6, 7, 8], [75], 225)
([1], [1, 2, 3], [79], 293)
([0], [2, 3, 4], [77], 286)
([6], [6, 7, 8], [75], 635)
([3, 4, 5], [3], [77], 157)
([1, 2, 3, 4], [5], [79], 1000)
([1, 2, 3, 4], [7], [76], 772)
([0], [3, 4, 5, 6], [78], 1146)
([2, 3, 4, 5, 6], [3], [78], 659)
([6, 7, 8, 9], [8], [76], 91)
([1], [0, 1, 2], [80], 501)
([0, 1, 2, 3], [3], [80], 8)
([0], [6, 7, 8], [79], 296)
([6, 7, 8], [7], [76], 354)
([9], [8], [77, 78, 79], 876)
([6], [1, 2, 3], [79], 392)
([0], [5, 6, 7], [80], 117)
([8], [6, 7, 8, 9], [77], 27)
([3, 4], [7], [77], 952)
([3, 4, 5, 6], [8], [77], 884)
([1], [2], [81, 82, 83], 570)
([4], [3, 4], [79], 219)
([7], [5, 6, 7], [77], 93)
([1, 2, 3], [0], [81], 839)
([0], [1, 2, 3], [81], 848)
([3], [3, 4, 5, 6], [81], 1211)
([7], [4, 5, 6], [78], 991)
([8], [5, 6], [78], 102)
([3, 4], [7], [78], 60)
([7], [7, 8, 9], [78], 702)
([0, 1, 2], [8], [80], 601)
([9], [8, 9], [80], 841)
([0, 1], [1], [82], 185)
([6], [1], [80], 75)
([3, 4, 5], [3], [82], 675)
([5, 6, 7], [4], [79], 12)
([0, 1, 2, 3, 4], [6], [82], 210)
([0, 1, 2], [7], [81], 386)
([8], [7], [78, 79, 80], 1145)
([0, 1, 2], [3], [82], 135)
([6], [3, 4, 5], [80], 624)
([2], [5, 6, 7, 8], [83], 922)
([6, 7, 8, 9], [6], [79], 943)
([0, 1], [1], [83], 637)
([0], [1, 2, 3], [84], 818)
([1], [2, 3, 4, 5], [84], 784)
([3], [4, 5, 6], [83], 200)
([1], [6, 7, 8, 9], [83], 1162)
([8], [6, 7, 8], [81], 904)
([0, 1, 2, 3], [4], [85], 1078)
([6, 7, 8, 9], [5], [81], 231)
([1], [6, 7, 8], [84], 1200)
([0, 1, 2, 3], [1], [85], 781)
([6], [2, 3, 4, 5], [82], 82)
([7], [3, 4, 5], [82], 1120)
([2, 3, 4, 5], [4], [86], 844)
([8], [7, 8], [82], 620)
([0, 1, 2], [8], [85], 140)
([0], [0, 1, 2], [86], 1003)
([2, 3, 4, 5], [1], [86], 802)
([1, 2, 3], [7], [85], 767)
([8], [7, 8, 9], [83], 983)
([7], [0, 1, 2, 3], [83], 393)
([0, 1, 2], [1], [87], 122)
([1, 2, 3], [4], [87], 713)
([4], [4, 5, 6], [87], 361)
([6], [4, 5, 6, 7], [83], 1031)
([1], [0, 1, 2], [88], 684)
([7], [1], [84, 85], 499)
([7, 8, 9], [7], [84], 119)
([1], [8, 9], [86], 583)
([0, 1, 2, 3], [0], [89], 951)
([1], [2, 3], [89], 233)
([6], [2, 3, 4, 5], [84], 842)
([1], [4, 5], [88], 66)
([4], [4, 5, 6], [88], 154)
([1], [3], [90, 91], 468)
([2, 3, 4, 5], [6], [89], 241)
([6], [3, 4, 5], [85], 272)
([5, 6, 7], [7], [85], 1142)
([1], [8], [87, 88, 89, 90], 283)
([4], [2, 3, 4], [89], 483)
([0, 1], [4], [89], 433)
([6, 7, 8], [4], [86], 1066)
([1], [5, 6, 7], [89], 603)
([4], [6, 7, 8], [90], 674)
([7], [6, 7, 8], [86], 408)
([6], [7], [86, 87, 88], 1158)
([4, 5, 6], [2], [90], 899)
([3, 4], [3], [90], 765)
([3], [5, 6], [90], 399)
([0, 1, 2], [7], [90], 821)
([1], [1, 2, 3], [92], 1090)
([7], [2, 3, 4], [87], 456)
([5], [2], [91, 92, 93], 431)
([6, 7, 8, 9], [3], [88], 7)
([0], [4, 5, 6], [90], 4)
([6], [4, 5, 6], [87], 1201)
([2], [5, 6, 7], [91], 493)
([7], [7, 8, 9], [87], 596)
([4], [1, 2, 3], [91], 1217)
([9], [3, 4, 5], [89], 110)
([0], [4, 5, 6, 7], [91], 226)
([4, 5, 6, 7], [8], [91], 301)
([4], [0, 1, 2], [92], 897)
([2, 3, 4], [3], [92], 632)
([0, 1, 2], [5], [92], 481)
([1, 2, 3, 4], [7], [92], 1094)
([5], [8], [92], 979)
([6, 7, 8], [9], [88], 1)
([3, 4, 5, 6], [1], [93], 1192)
([8], [2, 3], [89], 628)
([6], [3], [89, 90, 91], 48)
([8], [8, 9], [89], 712)
([0], [2, 3, 4], [92], 1013)
([2, 3, 4], [2], [93], 565)
([6, 7, 8, 9], [2], [91], 472)
([2, 3, 4], [3], [93], 860)
([2], [7, 8, 9], [93], 1128)
([3, 4], [0], [93], 672)
([5], [2, 3, 4, 5], [94], 989)
([0], [5, 6, 7, 8, 9], [93], 466)
([3], [6, 7, 8], [93], 801)
([7], [7, 8, 9], [92], 594)
([5], [1, 2, 3], [95], 40)
([9], [2, 3, 4, 5], [92], 970)
([0, 1, 2, 3], [4], [93], 722)
([1, 2], [7], [94], 1072)
([4, 5, 6, 7], [9], [93], 774)
([1, 2, 3], [0], [94], 249)
([6], [0, 1, 2, 3], [94], 359)
([2], [2, 3], [94], 1159)
([8], [2, 3, 4, 5], [92], 1133)
([9], [2], [93, 94], 68)
([9], [3], [93], 363)
([1, 2, 3], [7], [95], 680)
([2, 3, 4], [8], [94], 414)
([0], [9], [94, 95, 96, 97], 1062)
([0], [1, 2, 3, 4], [94], 958)
([4, 5, 6], [1], [96], 546)
([1, 2], [3], [95], 817)
([0], [5, 6, 7], [94], 889)
([5, 6, 7], [5], [95], 478)
([6, 7], [8], [93], 1191)
([1, 2, 3], [0], [95], 1129)
([4], [0, 1, 2, 3], [97], 986)
([1], [3, 4, 5, 6, 7], [96], 808)
([3, 4, 5], [4], [95], 564)
([8, 9], [4], [93], 302)
([0], [5, 6, 7], [95], 638)
([5], [5, 6], [96], 1032)
([3], [6, 7, 8], [96], 699)
([9], [0, 1, 2], [95], 421)
([4, 5, 6], [4], [96], 611)
([0], [5, 6, 7], [96], 1153)
([0], [0, 1, 2], [95], 477)
([1, 2], [0], [96], 732)
([5], [0, 1, 2], [97], 985)
([5, 6], [4], [97], 329)
([7], [4, 5], [96], 291)
([0], [5], [97, 98, 99], 553)
([6], [8], [94, 95, 96], 875)
([3], [1, 2, 3, 4], [96], 458)
([6], [1, 2, 3, 4], [98], 336)
([4], [4, 5, 6], [97], 1148)
([1], [5], [97, 98, 99], 673)
([2, 3], [8], [97], 473)
([0, 1, 2, 3], [9], [98], 158)
([1, 2], [0], [97], 300)
([7, 8, 9], [1], [96], 1117)
([0, 1, 2], [2], [96], 254)
([4, 5], [2], [98], 679)
([5], [4, 5, 6, 7], [98], 829)
([6, 7, 8], [5], [97], 223)
([0], [6], [97, 98, 99], 29)
([1], [7, 8, 9], [99], 275)
([8], [5, 6], [98], 961)
([3], [1, 2, 3], [97], 1007)
([7, 8, 9], [1], [97], 180)
([5, 6, 7], [3], [99], 523)
([4, 5], [6], [99], 530)
([8, 9], [6], [99], 1045)
([0], [7, 8, 9], [99], 81)
([5, 6, 7], [7], [99], 204)
([0], [0, 1, 2, 3], [97], 612)
([2, 3, 4], [1], [98], 369)
([3, 4, 5, 6], [4], [99], 402)
([0, 1], [7], [100], 194)
([4, 5, 6], [7], [100], 1157)
([0], [8], [100, 101, 102], 600)
([0, 1, 2], [0], [98], 397)
([1], [5, 6], [100], 279)
([7], [6, 7, 8], [100], 381)
([3, 4, 5, 6], [7], [101], 822)
([5, 6], [3], [100], 1144)
([3], [4, 5], [100], 145)
([6], [4, 5, 6], [100], 34)
([7], [6, 7, 8, 9], [101], 827)
([3], [2, 3, 4], [101], 294)
([5], [7], [102, 103, 104, 105], 98)
([6, 7, 8], [9], [102], 798)
([5], [0, 1, 2, 3], [101], 207)
([6, 7, 8], [3], [101], 1054)
([7, 8, 9], [6], [102], 895)
([0], [8, 9], [103], 544)
([5], [2, 3, 4], [102], 642)
([8], [2, 3, 4], [102], 400)
([2, 3, 4, 5], [5], [101], 1017)
([4, 5, 6, 7], [8], [102], 559)
([4, 5], [1], [102], 862)
([5], [0, 1, 2], [103], 883)
([6], [2, 3, 4], [102], 123)
([9], [4, 5, 6], [103], 111)
([0], [8], [104], 215)
([2, 3, 4], [1], [103], 115)
([3], [3, 4, 5], [102], 89)
([4, 5, 6], [4], [103], 485)
([2], [5, 6, 7], [102], 957)
([8, 9], [6], [104], 619)
([6, 7, 8, 9], [8], [103], 1005)
([5, 6, 7], [1], [104], 1167)
([9], [4], [104], 446)
([2], [7, 8, 9], [103], 549)
([4, 5, 6], [7], [106], 573)
([5, 6, 7], [2], [104], 114)
([7, 8, 9], [1], [105], 893)
([7], [2, 3, 4, 5], [105], 512)
([4, 5], [4], [104], 389)
([2, 3, 4, 5], [6], [103], 1185)
([7], [0, 1], [106], 16)
([7], [3, 4, 5], [106], 1050)
([2], [4, 5, 6], [104], 304)
([2, 3, 4], [9], [104], 1152)
([6, 7, 8, 9], [0], [107], 1076)
([6], [1, 2, 3, 4], [105], 449)
([8], [1, 2, 3], [106], 394)
([8, 9], [0], [108], 73)
([7], [1, 2], [107], 540)
([9], [1, 2, 3], [106], 382)
([4], [3, 4], [105], 1115)
([7], [3, 4, 5], [107], 74)
([5], [4, 5, 6, 7], [107], 931)
([6], [2, 3, 4, 5], [106], 854)
([3, 4], [3], [106], 352)
([0, 1, 2], [4], [105], 923)
([1, 2, 3], [6], [105], 1135)
([2, 3, 4], [9], [105], 288)
([5, 6, 7], [0], [108], 614)
([3, 4, 5, 6], [1], [106], 988)
([8], [1], [107, 108, 109, 110], 930)
([2, 3, 4, 5, 6], [2], [107], 969)
([8], [2], [107, 108, 109], 907)
([6], [3, 4, 5], [107], 650)
([0, 1, 2], [4], [106], 881)
([4, 5, 6, 7], [7], [108], 843)
([8, 9], [0], [109], 77)
([1, 2, 3], [1], [107], 139)
([9], [1], [107, 108, 109], 640)
([4], [2, 3, 4], [108], 980)
([5, 6, 7], [3], [108], 1035)
([9], [3, 4, 5], [107], 551)
([3, 4, 5, 6], [5], [108], 782)
([3], [6, 7, 8, 9], [106], 606)
([7], [6, 7], [109], 967)
([4], [7, 8, 9], [109], 1080)
([2, 3, 4, 5], [1], [108], 1022)
([0], [2, 3, 4], [107], 511)
([1], [4, 5, 6], [107], 657)
([9], [5], [108, 109, 110], 411)
([3], [6], [107, 108, 109], 208)
([2], [8, 9], [106], 507)
([5], [6, 7, 8], [109], 268)
([7], [6], [110, 111], 867)
([3], [9], [107], 855)
([9], [1, 2, 3], [110], 289)
([2, 3, 4], [4], [109], 155)
([6, 7, 8], [5], [109], 847)
([5, 6], [7], [110], 727)
([4], [8, 9], [110], 1040)
([0, 1, 2, 3], [1], [109], 489)
([5], [7], [111, 112, 113], 422)
([6], [7, 8, 9], [111], 942)
([0, 1], [1], [110], 531)
([3], [1], [110, 111, 112], 430)
([6], [4, 5, 6], [110], 1203)
([7], [5, 6], [112], 435)
([6, 7, 8, 9], [7], [112], 278)
([4], [2, 3, 4], [110], 365)
([7], [5, 6, 7], [113], 913)
([4], [6, 7, 8], [111], 1002)
([5, 6, 7], [8], [112], 1154)
([2, 3, 4, 5], [3], [111], 502)
([7], [4, 5, 6], [114], 1215)
([4], [5, 6, 7], [112], 1183)
([9], [6, 7, 8, 9], [113], 1008)
([5], [0, 1, 2, 3], [112], 299)
([0], [1, 2], [111], 940)
([4], [5], [113, 114, 115], 726)
([3, 4, 5], [0], [113], 914)
([3, 4, 5], [2], [113], 1101)
([2], [3, 4, 5], [112], 598)
([5], [7, 8, 9], [114], 934)
([1, 2, 3], [1], [113], 525)
([0, 1, 2], [3], [113], 341)
([3], [3, 4, 5], [112], 70)
([4], [3, 4], [112], 891)
([0], [1, 2], [112], 1182)
([4, 5, 6], [1], [113], 67)
([5, 6, 7, 8], [8], [115], 671)
([4, 5, 6, 7], [0], [114], 1088)
([6], [1, 2, 3], [114], 735)
([1], [2, 3, 4], [114], 615)
([4], [5, 6, 7], [116], 1204)
([5, 6, 7], [7], [115], 799)
([3, 4, 5, 6], [0], [115], 410)
([3, 4, 5], [1], [114], 131)
([4], [2, 3], [114], 106)
([2, 3], [5], [113], 1179)
([6], [7, 8], [116], 1105)
([6, 7], [1], [115], 46)
([6, 7, 8], [2], [115], 541)
([8, 9], [8], [116], 242)
([3, 4, 5], [1], [115], 733)
([2], [4, 5, 6], [114], 902)
([5], [5, 6, 7], [116], 1023)
([7], [6, 7, 8, 9], [116], 607)
([7, 8, 9], [2], [116], 664)
([4, 5, 6, 7], [3], [115], 339)
([5, 6, 7], [5], [117], 1004)
([5, 6, 7], [6], [117], 490)
([7, 8, 9], [7], [117], 346)
([6, 7], [1], [116], 1056)
([5, 6, 7], [9], [117], 1067)
([9], [0, 1, 2], [117], 170)
([7], [3, 4], [116], 1108)
([2], [4, 5, 6, 7], [115], 440)
([7, 8], [5], [118], 1034)
([7], [0, 1], [117], 292)
([6, 7], [3], [117], 837)
([5, 6, 7, 8], [5], [119], 809)
([5, 6, 7], [6], [118], 536)
([9], [6, 7], [118], 905)
([2], [7, 8, 9], [116], 218)
([5], [7, 8, 9], [118], 239)
([7], [1, 2], [118], 125)
([6], [8, 9], [118], 212)
([2], [3, 4, 5, 6], [116], 682)
([8], [3, 4, 5, 6], [120], 936)
([5, 6, 7], [5], [120], 520)
([1, 2, 3], [8], [117], 1036)
([2], [5, 6, 7], [117], 439)
([7], [6, 7, 8, 9], [119], 755)
([9], [6, 7, 8, 9], [119], 1186)
([4, 5], [7], [119], 750)
([4, 5], [8], [119], 317)
([2, 3], [3], [117], 705)
([1, 2], [6], [118], 436)
([3], [6, 7, 8], [118], 274)
([6], [9], [119, 120, 121], 175)
([2, 3, 4, 5], [4], [117], 62)
([4, 5, 6], [5], [121], 353)
([2], [7, 8, 9], [118], 968)
([7, 8], [9], [120], 517)
([3], [6, 7, 8], [119], 17)
([2], [7], [119, 120, 121, 122], 453)
([9], [7, 8, 9], [120], 330)
([5, 6, 7], [8], [120], 505)
([6], [4, 5, 6], [122], 47)
([4], [5, 6, 7, 8, 9], [122], 227)
([7], [6, 7, 8], [121], 101)
([1, 2], [9], [119], 1156)
([7, 8, 9], [9], [121], 924)
([2], [1, 2, 3, 4], [118], 662)
([3], [2, 3, 4, 5], [118], 696)
([7], [4, 5, 6], [122], 282)
([5, 6], [5], [123], 33)
([4], [6, 7, 8], [123], 141)
([5], [6, 7, 8], [121], 303)
([6], [6], [123, 124, 125], 741)
([6], [8], [121, 122, 123, 124], 660)
([2], [9], [120, 121], 259)
([0, 1, 2], [3], [119], 251)
([9], [3, 4, 5, 6, 7], [121], 1058)
([3, 4, 5], [4], [119], 90)
([7], [4], [123], 32)
([7, 8, 9], [8], [122], 597)
([6], [9], [122, 123, 124, 125], 746)
([3, 4], [2], [119], 273)
([7], [6, 7, 8], [123], 312)
([2], [0, 1], [119], 10)
([1, 2, 3], [5], [119], 725)
([7, 8, 9], [5], [123], 810)
([1, 2], [7], [123], 542)
([4], [7, 8, 9], [124], 716)
([3], [3, 4, 5, 6], [120], 285)
([9], [6], [122], 315)
([1], [7, 8], [124], 533)
([7, 8], [8], [124], 78)
([1, 2], [0], [120], 538)
([4, 5, 6], [2], [120], 916)
([2], [3, 4, 5], [120], 562)
([8], [4, 5, 6], [124], 11)
([7], [6, 7], [124], 1103)
([5], [0, 1, 2, 3], [121], 1028)
([6], [2, 3, 4, 5], [124], 413)
([7], [4, 5, 6], [125], 5)
([8], [5], [125, 126], 636)
([6, 7, 8], [7], [125], 265)
([4], [9], [125, 126, 127], 503)
([6, 7, 8], [9], [126], 358)
([1, 2, 3], [0], [121], 939)
([4, 5, 6], [0], [122], 428)
([6], [2], [125, 126, 127], 198)
([3, 4], [3], [121], 461)
([1, 2, 3], [4], [121], 1047)
([3], [5, 6, 7, 8], [121], 896)
([7, 8, 9], [9], [127], 1006)
([8], [2, 3, 4], [125], 167)
([1, 2], [3], [121], 80)
([0, 1, 2], [5], [121], 730)
([1, 2, 3, 4], [7], [125], 804)
([6, 7, 8], [7], [126], 37)
([4], [2, 3, 4, 5, 6], [124], 1100)
([5], [2, 3, 4], [122], 954)
([6], [3, 4, 5], [125], 524)
([8], [6, 7], [127], 752)
([2], [1, 2, 3, 4], [122], 831)
([0], [3, 4, 5], [122], 634)
([2, 3, 4], [7], [126], 270)
([2, 3, 4], [8], [125], 1048)
([4, 5, 6, 7], [9], [128], 846)
([4], [0, 1, 2, 3], [125], 707)
([5], [0, 1, 2], [123], 14)
([1], [2, 3, 4, 5], [122], 476)
([4], [6], [125], 528)
([7], [6, 7, 8], [127], 105)
([5, 6], [7], [127], 609)
([1, 2], [8], [126], 589)
([4], [0, 1], [126], 94)
([5, 6], [0], [124], 687)
([0, 1, 2], [2], [123], 1051)
([4], [2, 3, 4, 5], [126], 514)
([0, 1, 2], [4], [123], 404)
([0], [5, 6, 7], [123], 874)
([1, 2, 3], [5], [123], 1173)
([6, 7, 8, 9], [0], [125], 690)
([1, 2, 3], [1], [123], 295)
([0], [2], [124, 125, 126], 290)
([0], [4], [124], 556)
([3, 4, 5], [5], [127], 1016)
([7, 8, 9], [9], [129], 550)
([3], [0, 1, 2], [124], 229)
([4], [0, 1, 2, 3], [127], 306)
([1, 2], [1], [124], 815)
([5], [1, 2, 3], [124], 670)
([2], [2], [124, 125], 1164)
([0, 1, 2], [3], [123], 97)
([2], [4], [124, 125, 126, 127], 15)
([1], [6, 7, 8, 9], [127], 450)
([7, 8, 9], [7], [128], 396)
([2], [8, 9], [127], 53)
([6, 7], [8], [128], 492)
([0], [5], [124, 125, 126], 1130)
([1, 2, 3, 4], [5], [128], 1015)
([0], [6, 7], [124], 685)
([3], [1, 2, 3], [125], 975)
([5], [2, 3, 4], [125], 371)
([8], [5, 6, 7, 8], [129], 376)
([9], [7, 8, 9], [130], 1037)
([8], [9], [130, 131, 132], 695)
([0, 1, 2], [1], [125], 1107)
([5, 6, 7], [3], [126], 120)
([3, 4, 5], [4], [127], 56)
([1, 2, 3], [6], [128], 1039)
([2, 3, 4], [8], [128], 256)
([8], [8], [130, 131], 447)
([3], [6, 7, 8], [129], 871)
([1], [0, 1, 2], [126], 965)
([5, 6], [2], [128], 677)
([7, 8], [3], [127], 398)
([1, 2], [4], [128], 39)
([2], [6, 7, 8, 9], [129], 1112)
([4], [8], [129, 130], 88)
([3], [5, 6], [130], 459)
([1], [6, 7, 8], [129], 1038)
([5], [0, 1, 2], [129], 851)
([8], [1, 2, 3, 4], [128], 964)
([3], [4, 5, 6, 7], [131], 221)
([0, 1, 2, 3], [9], [130], 928)
([1], [2, 3, 4], [129], 1075)
([5, 6, 7], [3], [128], 83)
([4, 5, 6, 7, 8], [4], [129], 532)
([3, 4, 5], [0], [130], 576)
([1], [6, 7, 8], [130], 79)
([3, 4, 5, 6], [9], [131], 1187)
([2, 3, 4, 5], [0], [131], 432)
([0], [7, 8, 9], [131], 753)
([2, 3], [9], [132], 608)
([4], [0], [132, 133, 134], 1166)
([5], [1, 2, 3], [130], 667)
([0, 1, 2, 3], [3], [130], 235)
([5, 6, 7], [4], [130], 948)
([6], [9], [132, 133, 134, 135], 424)
([6, 7, 8], [4], [131], 244)
([1], [6, 7], [131], 610)
([1, 2, 3], [9], [133], 1089)
([3], [3, 4], [132], 807)
([5, 6, 7], [3], [131], 963)
([5], [4, 5, 6, 7], [131], 1178)
([6, 7, 8], [4], [132], 20)
([0], [5, 6, 7], [132], 515)
([0], [8], [132, 133, 134, 135], 539)
([4, 5, 6], [1], [131], 972)
([0], [2, 3, 4, 5], [133], 220)
([2], [3, 4, 5, 6], [131], 663)
([5], [3, 4], [132], 488)
([7], [4, 5], [133], 852)
([8, 9], [4], [133], 729)
([0], [0, 1, 2], [134], 927)
([2, 3, 4, 5], [0], [135], 766)
([1, 2, 3, 4], [1], [132], 658)
([7, 8, 9], [3], [132], 823)
([1, 2, 3], [9], [134], 1165)
([1], [0, 1, 2], [133], 595)
([0], [3, 4, 5], [134], 76)
([5, 6, 7], [3], [133], 344)
([2, 3, 4], [5], [132], 1189)
([3, 4, 5], [6], [132], 147)
([3, 4, 5, 6], [7], [132], 173)
([6], [3, 4, 5, 6], [134], 1209)
([2], [4, 5, 6], [133], 1138)
([4], [4, 5, 6], [133], 974)
([9], [4, 5, 6], [134], 340)
([7], [5], [134, 135, 136, 137], 409)
([3], [7], [133, 134, 135], 555)
([5], [0], [136, 137], 571)
([0], [1, 2], [135], 694)
([9], [2, 3, 4], [135], 385)
([4, 5], [3], [134], 172)
([2, 3], [4], [134], 128)
([6, 7, 8], [7], [133], 322)
([0, 1, 2], [9], [135], 704)
([3], [3, 4, 5, 6], [135], 184)
([2], [4], [135, 136, 137, 138], 121)
([5, 6, 7, 8], [4], [135], 522)
([0], [6, 7, 8], [136], 900)
([5], [7, 8, 9], [133], 1083)
([0, 1, 2], [9], [136], 548)
([4, 5, 6], [0], [138], 1127)
([6], [1, 2, 3], [135], 137)
([9], [1, 2, 3, 4], [136], 617)
([2, 3, 4], [9], [137], 55)
([9], [0, 1, 2], [137], 648)
([5, 6, 7, 8], [1], [136], 360)
([5, 6, 7], [2], [136], 769)
([6], [5, 6, 7, 8], [135], 800)
([2, 3, 4], [0], [139], 656)
([8], [0, 1, 2], [137], 697)
([6, 7, 8, 9], [3], [137], 237)
([0, 1, 2, 3], [4], [139], 1160)
([4, 5, 6, 7], [6], [136], 631)
([6, 7, 8, 9], [2], [138], 901)
([6, 7], [8], [136], 264)
([8, 9], [0], [138], 443)
([6], [2, 3, 4, 5], [139], 834)
([4], [3, 4, 5, 6], [137], 1188)
([7], [5, 6, 7], [138], 787)
([6, 7, 8], [0], [139], 748)
([4, 5, 6, 7], [8], [137], 949)
([3, 4, 5, 6], [0], [140], 545)
([4, 5, 6], [4], [140], 779)
([7, 8], [6], [139], 1081)
([4, 5, 6, 7], [8], [138], 509)
([8], [5, 6, 7, 8], [140], 277)
